0.773250	15.411682	1
12.851956	13.238581	8
13.691866	14.078491	8
14.651763	15.358354	8
15.891630	16.384911	8
16.838196	17.784761	5
17.811425	18.031401	13
18.064731	19.917866	5
20.064517	21.391041	5
21.611018	22.197621	2
21.784332	21.950981	8
21.950981	22.224285	13
22.070968	22.197621	8
22.310943	22.504255	8
22.564249	22.704234	8
23.250842	24.590698	2
23.297504	23.457486	8
23.804116	23.950767	8
24.070754	24.204073	8
24.310728	24.470711	8
24.670690	24.877334	8
24.724017	24.977324	13
25.163970	26.750467	2
26.870454	27.857015	5
27.857015	27.970336	13
28.003666	29.523503	5
29.676820	30.496732	5
30.750038	31.556619	5
31.756597	31.956576	5
32.163220	32.636503	5
32.636503	32.829815	13
32.829815	33.823042	5
34.996250	35.709507	4
35.042912	35.389541	13
35.749503	39.115809	2
39.275791	40.322346	5
40.508993	40.682307	13
40.728969	42.562106	5
42.808746	43.788641	5
43.975288	44.195264	13
44.241926	46.481686	5
46.508350	47.001630	2
47.274934	47.574902	13
47.748217	49.441369	2
49.601352	50.381268	5
50.667904	51.421157	5
51.961099	52.507707	5
52.681022	52.767679	5
53.007653	53.260960	13
53.034317	54.280850	5
54.480829	54.880786	13
54.947445	55.627373	2
56.173981	57.540501	4
57.600495	58.353747	2
58.433739	58.793700	13
58.847028	60.373531	2
61.153447	62.293325	2
62.293325	62.686616	13
62.719946	65.419657	2
65.479650	66.146245	3
66.192907	66.512873	13
66.572866	68.872620	3
69.425894	71.239033	4
71.312359	74.558677	9
71.365686	73.818757	10
74.558677	77.158399	2
77.938315	78.244949	2
78.891546	79.798116	10
79.931435	80.997987	2
81.191300	81.571259	10
81.891225	83.044435	2
83.351069	85.137544	2
85.717482	86.530728	3
86.717375	87.323976	3
87.623944	88.790486	4
88.923805	89.897034	2
89.957027	91.596852	10
92.203453	93.210012	4
93.789950	94.049922	13
93.876607	94.443213	2
94.229903	94.536537	13
94.649858	95.769738	2
95.803068	96.083038	13
96.083038	98.296134	2
98.329464	98.836076	13
98.922733	100.249258	2
100.535894	101.409134	2
101.809091	102.175718	3
102.915639	103.215607	3
103.328928	104.408812	4
104.515467	104.622123	3
104.735444	105.608684	3
105.788664	106.081966	10
106.655238	106.888546	10
106.935208	107.568474	3
107.981763	108.148411	10
108.148411	108.881666	3
108.275065	108.561700	13
108.675022	108.941660	13
109.441606	110.554820	3
111.308073	112.707923	3
113.414514	114.241092	3
114.194430	114.567724	13
117.914032	118.927256	3
119.260554	141.404848	1
130.299371	131.925864	11
132.625789	134.245615	11
135.478816	137.085311	11
138.191859	139.358400	11
139.678366	141.731480	11
142.251424	144.304537	11
144.364531	145.537738	11
145.537738	145.937695	13
146.017687	149.723956	11
149.750620	150.070586	13
150.143911	150.490541	11
150.490541	150.777177	13
150.837170	154.763416	11
154.990059	155.696650	11
157.036506	159.209607	11
159.296264	159.562902	13
159.622896	161.336045	11
161.336045	161.722671	13
161.782664	162.482589	11
162.875880	164.982321	11
163.749120	175.474530	9
166.408835	168.408621	2
168.755250	169.808471	12
170.355079	171.281646	3
171.594946	173.601398	3
174.254661	175.434535	2
175.434535	175.621181	13
175.621181	177.047695	2
176.994368	177.294335	13
177.294335	180.140697	2
180.294014	181.160588	3
181.160588	181.513883	13
181.593875	184.526894	3
184.493564	184.826862	13
184.940183	185.786759	3
185.813423	186.086727	13
186.086727	188.726444	3
189.053075	191.032863	4
191.219510	192.019424	4
192.206071	192.512705	13
192.412715	194.132531	2
194.419167	194.859120	13
194.859120	195.679032	3
195.712362	196.565604	2
196.618931	196.952229	13
196.725587	198.385409	10
197.145542	197.812137	13
199.278646	200.431856	10
202.351650	203.518192	4
203.584852	204.464757	4
204.798055	205.637965	2
205.697959	205.811280	13
205.811280	205.911269	10
205.911269	207.211130	2
207.577757	209.270909	2
209.330903	210.324130	6
210.457449	211.370684	2
211.370684	211.670652	13
211.937290	212.530560	2
212.957181	213.163825	10
213.137161	213.917078	2
213.883748	214.017067	10
214.163718	214.756988	10
214.703660	215.270266	6
215.036958	215.323594	10
215.990189	217.876654	6
217.876654	218.323272	10
218.323272	218.883212	2
218.883212	222.176193	10
222.269516	226.362411	6
226.422405	226.955681	13
227.195655	230.295323	6
230.615289	232.281777	6
233.394991	234.128245	6
234.328224	235.948050	6
236.174693	236.301346	10
236.301346	237.274575	6
237.601207	238.254470	6
238.454449	238.914399	6
239.501003	239.960954	6
240.927517	242.314035	6
242.953966	244.280491	6
244.733776	246.086964	6
246.480255	249.793234	6
249.919887	250.866452	6
251.046433	251.166420	13
251.213081	251.953002	3
252.112985	253.486171	6
253.532833	253.799471	6
253.919458	254.752702	6
255.179323	255.632608	6
256.545843	258.972250	6
259.432201	260.125460	6
260.412096	263.105140	6
263.145136	264.291680	2
264.291680	264.504990	13
264.504990	267.677984	2
267.677984	267.884628	13
267.884628	271.550902	2
271.550902	271.830872	13
271.884200	272.984082	2
273.010746	273.430701	10
273.477362	275.383825	2
275.417155	275.723788	13
275.757118	279.796685	2
279.876677	280.323295	6
281.229865	283.629608	6
283.789591	284.409524	10
284.409524	285.829372	6
287.042575	289.468982	6
290.248899	292.402001	6
292.515322	293.868511	6
293.948502	294.048491	13
294.101819	294.815076	2
294.955061	297.748095	6
298.234710	298.721324	6
299.034624	299.134613	10
299.321260	300.181168	6
301.321045	306.160527	6
306.933777	311.239983	6
311.426629	312.519845	2
312.573173	313.146445	6
313.946359	315.966143	6
315.966143	324.871855	10
316.946038	317.979260	6
319.972380	320.305678	6
321.045599	321.225579	13
321.265575	323.312022	6
323.365350	323.571995	13
323.618656	324.638547	6
325.031838	325.471791	2
325.471791	327.164943	2
327.384919	329.284716	6
329.751332	330.044634	13
330.044634	332.904328	6
333.324283	336.363957	6
337.010555	337.397180	13
337.430510	339.750261	6
340.503514	341.143445	6
341.296762	349.862511	10
341.743381	342.529963	6
343.689839	345.889603	6
345.929599	346.369552	13
346.522869	347.396108	6
347.762736	348.829288	6
348.922611	350.269134	6
350.515774	351.615656	2
351.702314	361.414606	10
357.181726	357.954977	6
358.954870	360.754677	6
361.641249	362.387835	6
362.994437	363.801017	13
363.914338	366.274085	6
366.707372	369.233768	6
370.206997	370.906922	3
371.200224	373.366659	3
373.686625	379.899292	6
380.065941	381.292476	6
381.499121	381.759093	6
381.912410	382.339031	6
382.365695	382.565673	13
382.599003	382.885639	10
383.112281	386.038634	10
383.385585	386.865212	6
387.538474	388.551698	6
388.718347	389.138302	6
389.351613	392.064655	2
392.644593	395.230983	2
395.364302	400.750391	6
401.936931	404.616644	6
404.969939	407.276359	2
407.236363	407.722977	13
407.829633	409.362802	2
409.462791	412.102508	2
412.102508	412.575791	13
412.575791	414.355600	2
414.502251	415.022195	6
415.828775	416.568696	6
416.515369	423.041336	10
417.008649	417.795231	6
418.375169	419.175084	2
419.175084	419.628368	4
419.628368	420.348291	4
420.274966	420.914897	2
420.948227	421.181535	2
421.261527	421.874794	4
421.974784	422.268085	13
422.268085	423.041336	3
423.527950	424.187880	2
424.354529	426.014351	6
426.014351	426.334316	13
426.334316	427.854154	6
427.854154	428.160787	13
428.160787	430.193903	6
430.240565	430.553864	13
430.600526	430.953821	6
431.053811	431.673744	13
432.140361	432.720299	6
432.880282	433.213579	13
433.306903	435.233363	6
435.460005	435.666650	6
435.933288	437.239815	6
437.886412	440.606120	6
441.259384	445.138968	6
445.765568	447.971998	6
448.178642	450.965010	6
450.925015	451.164989	13
451.211651	452.224875	6
452.391524	452.871473	13
452.991460	455.437865	6
455.471194	456.351100	13
456.404428	457.924265	6
457.924265	458.284226	13
458.324222	460.637307	6
460.757295	465.043502	6
465.456791	466.363360	6
466.649996	468.743105	6
468.636450	470.309604	10
470.249611	471.902767	3
471.902767	472.262728	13
472.356052	474.089199	3
474.175857	475.522379	6
475.775685	476.888899	6
476.982223	480.648496	6
480.895137	482.254991	2
482.254991	482.548293	13
482.608286	484.674732	2
484.674732	485.054691	13
485.054691	486.921158	2
487.114470	489.300903	6
489.600870	492.587217	6
493.120493	495.900195	6
496.013517	497.946643	2
497.913313	498.313270	13
498.393262	502.906111	2
503.019433	503.985996	6
505.085878	506.132432	6
506.992340	507.618940	6
507.972235	509.592062	6
510.012017	511.731832	6
512.185117	513.524974	13
513.884935	514.704847	6
515.524759	517.264573	6
518.264466	522.617333	6
522.870639	523.790540	2
523.910527	524.450470	6
525.150395	525.657007	13
525.710335	527.756782	6
528.063416	529.543257	6
529.856557	532.689587	2
532.789576	533.236195	13
533.236195	535.795920	2
535.795920	536.049227	13
536.122552	537.142443	2
537.349087	537.562398	13
537.622391	538.475633	3
538.542293	538.935584	13
538.975580	540.102126	3
540.455421	540.835380	2
540.782053	541.075355	13
541.142014	543.468432	2
543.641746	544.035038	2
544.035038	544.281678	13
544.308342	545.301569	2
545.554875	546.401451	3
546.428115	546.908063	10
546.861401	568.285772	1
546.908063	547.774637	2
548.014611	548.527890	3
559.740021	560.746580	2
560.866567	561.293188	10
561.933120	562.579717	2
562.726368	563.346302	2
563.439625	563.719595	10
563.972901	565.299426	3
565.912693	567.272548	3
567.705835	568.705727	4
569.099019	570.238896	4
570.385547	574.031823	6
574.245134	574.638425	3
574.718416	576.111600	3
576.111600	576.424900	13
576.764864	579.304592	3
580.031180	581.084401	2
581.491024	582.610904	2
582.857544	583.164178	13
583.190842	585.717238	2
586.150525	587.023765	3
587.497047	589.296854	3
589.710143	590.376739	3
591.123325	592.676492	3
592.749818	593.136443	13
593.176439	593.816370	3
594.409640	595.809490	2
596.149453	596.922704	3
596.956034	597.202674	13
597.202674	598.062582	3
598.035918	598.449207	13
598.622522	601.448885	3
601.482215	601.942166	13
602.042155	603.788635	3
603.981947	604.161928	10
604.555219	606.668326	2
606.754984	606.908300	10
607.121611	607.694883	6
608.028180	608.994744	6
609.314709	609.767994	2
610.274606	612.547696	2
612.547696	612.821000	13
613.334279	613.807561	2
613.807561	614.100863	13
614.287510	614.427495	10
614.634139	615.260739	2
615.627366	616.720582	2
617.247193	617.947118	3
617.947118	618.253751	13
618.280415	619.047000	3
619.133657	622.239991	6
622.473299	622.699942	13
622.699942	623.926477	2
623.779826	643.897670	10
631.445671	632.252251	4
633.138823	633.998731	2
634.578669	636.525127	4
635.371917	635.585228	13
635.671885	636.358478	2
638.298270	638.971531	6
638.544910	641.077972	6
640.844664	672.087983	9
641.977876	644.024323	6
644.610927	646.617379	6
646.877351	647.523948	13
647.523948	648.997124	6
649.710381	651.450194	6
651.676837	652.296770	13
652.323434	654.169903	2
654.556528	656.589644	6
656.856282	657.196245	6
657.296235	657.602868	6
657.702858	658.229468	6
658.669421	659.869292	6
660.069271	661.469121	6
662.349026	663.288926	3
663.288926	663.755542	13
663.755542	664.228825	3
664.475465	665.062069	4
665.108731	665.415365	13
665.535352	666.801883	4
666.881874	668.934987	6
668.934987	669.214957	13
669.274951	670.454825	6
670.568146	671.441385	6
671.481381	672.207970	6
672.207970	674.487726	6
675.540946	679.533852	6
679.767160	681.620295	6
682.006920	683.233455	3
683.313447	683.666742	13
683.640078	684.706631	2
684.953271	686.139810	3
686.293127	688.746198	2
688.712868	689.019502	3
689.112825	692.525793	6
692.945748	693.139060	13
693.185722	697.745234	6
697.711904	698.091863	13
698.451825	701.324850	6
699.098422	716.289913	10
701.558158	702.311411	3
702.398068	702.944676	3
702.978006	704.751150	2
704.811143	705.464406	4
705.731045	707.350871	6
707.710832	708.557408	6
708.710725	709.683954	2
709.777278	710.177235	13
710.237228	712.376999	3
712.376999	712.723629	13
712.790288	714.203470	3
713.670194	714.056819	2
714.390117	715.263356	4
715.216695	715.616652	13
715.656648	718.463014	4
718.463014	719.002956	2
719.162939	719.382915	13
719.722879	720.689442	3
720.662778	721.069401	2
721.182722	722.495915	6
722.495915	722.995861	13
723.022525	724.269058	6
724.529030	727.408722	6
727.668694	728.648589	6
728.795240	729.261856	13
729.315184	730.175092	6
730.561717	730.981672	13
730.981672	732.974792	6
732.974792	733.301424	13
733.301424	736.547742	6
736.574406	737.147678	13
737.474310	738.814166	6
739.207457	741.233907	2
741.333896	741.700524	6
741.853840	742.173806	6
742.287127	743.100374	6
743.773635	745.973399	6
746.233371	749.586345	6
750.332932	754.692465	6
754.919107	756.058985	6
756.058985	756.398949	13
756.432278	760.385188	6
760.418518	760.618496	13
760.645160	762.184995	6
763.311541	766.691179	6
766.691179	766.951151	13
766.951151	767.997706	6
768.104361	768.417661	13
768.584310	770.250798	6
770.250798	770.557431	13
770.557431	771.064044	6
771.090708	772.130596	6
772.503890	773.677097	6
773.977065	774.970292	6
775.296924	780.796334	6
780.836330	781.116300	13
781.222955	784.235966	6
784.435944	784.602593	13
784.602593	786.815689	2
787.015668	788.088886	6
788.475511	793.901597	6
794.288222	796.787954	6
797.514543	799.887622	6
800.200922	804.893752	6
805.180388	807.873433	6
808.093409	811.879670	6
811.939664	812.446276	13
812.679585	815.065995	6
815.419291	816.179210	10
816.145880	819.485522	6
819.958805	821.431980	6
822.358547	824.111693	6
824.824950	826.384783	6
826.531434	827.464667	6
827.464667	827.717973	13
827.717973	830.337692	6
830.657658	834.143951	6
835.477142	839.130084	6
840.423278	844.749481	6
845.289424	850.635517	6
850.875492	854.768408	2
855.008382	857.981397	6
859.034617	862.720889	6
862.860874	864.320718	6
864.320718	864.920653	13
865.320610	873.913023	6
873.913023	874.839590	13
874.839590	877.732614	6
877.972588	880.332335	6
880.332335	881.332228	10
881.678858	884.818521	11
884.818521	885.278472	13
885.365129	888.538123	11
888.624780	888.918082	13
888.971410	890.244606	11
890.797880	891.537801	11
892.464369	895.444049	11
896.717246	898.710366	11
898.863683	901.716710	11
901.716710	902.236655	13
902.349976	903.789822	11
904.123119	904.316432	13
904.349762	905.169674	11
905.169674	905.496305	13
905.542967	908.196016	11
908.742624	909.249237	11
909.629196	910.875729	11
911.349012	916.721769	10
912.828853	914.948626	2
915.195266	915.755206	13
915.841864	919.434812	2
919.634790	923.547705	6
924.460940	927.707259	6
927.633933	928.367188	13
928.367188	930.540289	6
930.693605	931.646837	2
932.146783	932.900036	2
932.900036	933.173340	13
933.173340	935.913046	2
936.073029	937.639528	6
937.799511	940.439228	6
940.505887	940.799189	13
940.799189	942.598996	6
942.878966	943.978849	6
944.278816	945.818651	6
946.511910	948.158401	6
948.765002	950.351499	6
950.838114	952.651253	6
953.544490	954.331073	6
954.424396	955.517612	6
955.664263	956.550835	2
956.684154	958.257319	6
958.850588	960.917034	6
959.577177	967.589652	10
961.636956	963.336774	6
964.056697	968.436228	6
968.769525	971.469236	2
971.549228	974.782215	6
974.835542	975.595461	13
975.868765	977.528587	6
978.435156	980.021653	6
980.294957	981.054876	4
981.094871	981.428169	13
981.488163	984.207871	4
984.367854	986.440965	3
986.480961	986.720935	13
986.800927	987.494186	3
987.554179	987.814151	13
987.867479	989.094014	3
989.253997	991.713734	3
991.813723	993.006928	6
993.280232	995.313348	6
996.039937	999.092943	6
999.432906	1001.872645	6
1001.872645	1002.245938	13
1002.565904	1005.145628	2
1005.145628	1005.505589	13
1005.638908	1008.705246	2
1008.771906	1009.091871	13
1009.125201	1010.125094	2
1010.185088	1010.811687	6
1011.164983	1011.371627	13
1011.371627	1012.124880	6
1012.584830	1021.163911	1
1020.837280	1026.123380	11
1026.123380	1026.836637	13
1026.809973	1030.082955	11
1030.082955	1030.429585	13
1030.682891	1031.336155	11
1031.336155	1031.689450	13
1031.936090	1036.222298	11
1036.222298	1036.608923	13
1036.675582	1038.722030	11
1038.782023	1045.141342	10
1040.108548	1040.321858	8
1040.401850	1040.588496	8
1040.708484	1040.855135	8
1040.961790	1041.181766	8
1041.355081	1042.841588	3
1041.708376	1041.921687	8
1042.134997	1042.281648	8
1042.441631	1042.594948	8
1042.661608	1042.901582	8
1043.048233	1043.308205	8
1043.581509	1044.814710	3
1044.774715	1045.221333	13
1045.541299	1045.721280	8
1045.767941	1047.207787	3
1045.794605	1045.967920	8
1046.107905	1046.287886	8
1047.567749	1048.580973	3
1048.834280	1051.120701	2
1051.187361	1051.380673	13
1051.414003	1053.367127	2
1053.367127	1053.907069	3
1054.013725	1054.566999	4
1054.700318	1055.280255	2
1055.320251	1055.566891	13
1055.566891	1057.200050	2
1056.813425	1057.713328	4
1057.380030	1058.619898	3
1058.666559	1059.546465	3
1059.599793	1059.873097	13
1059.966420	1062.219512	3
1062.052863	1062.372829	13
1063.646026	1063.945994	13
1064.012653	1064.385946	4
1064.545929	1065.785796	4
1065.085871	1065.345844	8
1065.812460	1066.712364	2
1066.199085	1066.385732	8
1066.812353	1067.105655	13
1067.172315	1067.592270	3
1067.232308	1070.911914	2
1070.625278	1070.911914	3
1071.238545	1074.631515	2
1074.944815	1075.098132	8
1075.204787	1075.544751	8
1075.424764	1076.731290	4
1076.524646	1076.664631	8
1076.831280	1076.997928	8
1077.044590	1077.317894	8
1077.071254	1078.377780	2
1077.497875	1077.717851	8
1078.171136	1079.364341	3
1079.364341	1079.710971	13
1079.750967	1080.684200	3
1080.830851	1083.217262	2
1083.217262	1083.463902	13
1083.497232	1084.857086	2
1084.883750	1085.210382	13
1085.210382	1087.983418	2
1087.490137	1089.323274	3
1088.963313	1089.909878	2
1089.656572	1094.782689	3
1094.782689	1095.035995	13
1095.069325	1096.982454	3
1096.982454	1097.382411	13
1097.422406	1099.728826	3
1099.728826	1100.068790	13
1100.095453	1101.261995	3
1101.628622	1102.595185	3
1102.835160	1103.808389	3
1102.995143	1103.295110	8
1104.001701	1104.354997	8
1104.148352	1104.741622	4
1104.901605	1107.161363	3
1105.161577	1105.508207	8
1107.161363	1107.394671	13
1107.454665	1109.127819	3
1109.127819	1109.374459	13
1109.414455	1112.194157	3
1112.194157	1112.747431	13
1112.747431	1116.573688	3
1117.406932	1118.286837	2
1118.240176	1118.460152	13
1118.493482	1122.786355	2
1122.819685	1123.139651	13
1123.272970	1129.525633	2
1125.092775	1127.472520	10
1126.505957	1126.879250	13
1126.552618	1126.879250	3
1130.305550	1130.732170	4
1130.732170	1131.065468	13
1131.765393	1132.385327	4
1132.471984	1133.351890	3
1133.458545	1134.445106	2
1134.445106	1134.691746	13
1134.838397	1135.791628	2
1136.371566	1138.511337	2
1138.324690	1197.445022	2
1149.270184	1151.596601	11
1152.049886	1153.776368	11
1153.776368	1154.089668	13
1154.089668	1156.916031	11
1157.342652	1158.595851	11
1159.055802	1160.062361	11
1160.668963	1162.122140	11
1163.208690	1166.108380	10
1168.134829	1168.994737	2
1169.601339	1171.294491	2
1173.587578	1174.327499	2
1175.060754	1175.960657	2
1176.560593	1178.340402	2
1180.366852	1181.840027	6
1182.333308	1184.659725	6
1185.552963	1187.166123	6
1188.279337	1189.912496	6
1190.179134	1190.919055	6
1191.885618	1193.325463	6
1193.965395	1195.345247	6
1196.538452	1198.018294	6
1198.324928	1201.631240	6
1202.804448	1205.210856	6
1206.130758	1209.637049	6
1211.236877	1214.063241	11
1215.016472	1217.869500	11
1217.869500	1218.129472	13
1218.156136	1221.582435	11
1221.582435	1222.022388	13
1222.022388	1226.548570	11
1227.535131	1227.948420	13
1228.021745	1231.301394	11
1231.301394	1231.661355	13
1231.628026	1233.041208	11
1233.014544	1233.327844	13
1233.327844	1235.807578	11
1236.907460	1238.720599	11
1239.113890	1239.600505	13
1239.660498	1242.026911	11
1242.086905	1242.386873	13
1242.546856	1244.999926	11
1244.999926	1245.306560	13
1245.419881	1247.932945	11
1248.746191	1249.119485	2
1249.186144	1249.546106	13
1249.706089	1250.892628	2
1251.092607	1256.838658	10
1252.725765	1254.232270	4
1253.165718	1253.305703	2
1253.639000	1254.172277	2
1254.292264	1254.452247	13
1254.505574	1256.578685	2
1256.878653	1258.905103	2
1258.905103	1259.278396	13
1259.378385	1262.064764	2
1262.064764	1263.517942	4
1263.604599	1264.491171	2
1264.784473	1267.024233	2
1267.357530	1270.990475	6
1271.163789	1272.017031	2
1271.783723	1275.050040	10
1275.063371	1307.406572	9
1276.303239	1277.952229	6
1278.358852	1280.378635	6
1281.485183	1283.138339	6
1284.158230	1286.888771	6
1287.848668	1289.228520	6
1289.921779	1291.381623	6
1292.474839	1294.021340	6
1294.287978	1297.440974	6
1298.794162	1301.253898	6
1302.080476	1305.920065	6
1306.000056	1308.213153	10
1306.953288	1309.086392	2
1309.686328	1311.939420	2
1312.179394	1313.192619	6
1313.472589	1314.785782	6
1315.079084	1317.072203	6
1317.098867	1317.705469	13
1318.365398	1322.131661	6
1322.458293	1346.882342	1
1330.824063	1331.790626	11
1331.970607	1332.870510	11
1333.643761	1336.096831	11
1336.030172	1336.283478	13
1336.283478	1341.249613	11
1341.222949	1341.936206	13
1342.089523	1343.016090	11
1343.322724	1344.542593	11
1345.775794	1349.802030	11
1349.755368	1357.847834	10
1351.008567	1351.421856	11
1351.555175	1352.448413	11
1352.795042	1353.828265	11
1356.241340	1356.574637	6
1356.894603	1357.374551	6
1357.887830	1358.407774	13
1358.407774	1360.807517	6
1360.994164	1362.307356	 3
1363.280585	1365.793649	3
1365.793649	1366.006960	13
1366.053621	1366.780210	3
1366.933527	1367.393478	6
1367.693446	1368.819992	10
1367.746773	1368.819992	6
1368.913315	1369.399930	3
1369.653236	1483.607692	9
1370.446484	1371.199737	10
1374.659366	1376.032552	3
1376.205867	1376.759141	10
1376.899126	1378.045670	3
1378.885580	1380.305428	3
1380.998687	1381.711944	3
1381.798601	1382.545188	10
1382.545188	1383.151789	3
1383.531749	1384.338329	6
1385.031588	1385.538200	6
1385.938157	1386.724740	6
1387.084701	1388.351232	3
1387.171359	1387.884615	10
1388.377896	1388.637868	10
1388.711194	1389.611097	3
1389.491110	1390.244363	10
1390.077714	1391.057609	3
1391.144266	1392.717431	10
1392.537450	1393.357362	3
1394.530570	1395.517131	3
1396.143730	1397.123625	3
1397.756891	1399.343388	3
1398.743452	1399.570030	10
1400.936550	1401.816456	10
1401.283180	1402.336400	3
1402.996330	1403.742916	10
1403.136315	1403.822908	3
1403.896233	1404.322854	13
1404.369516	1405.596051	3
1405.636047	1406.076000	13
1406.235982	1406.955905	3
1407.369194	1408.215770	3
1408.842370	1410.195558	3
1410.655509	1411.262110	10
1410.655509	1411.155455	3
1411.315438	1411.775389	13
1412.835275	1412.835275	3
1413.095247	1414.101806	3
1414.295119	1416.508215	3
1416.474885	1417.221472	10
1418.574660	1420.321140	3
1421.574339	1423.854095	3
1423.854095	1424.380705	13
1424.534022	1426.287167	3
1427.107079	1428.053645	3
1428.300285	1428.753570	7
1428.713574	1430.526713	10
1428.873557	1429.520154	3
1429.760128	1430.500049	3
1431.166644	1431.346625	3
1431.346625	1432.453173	10
1431.346625	1431.613263	13
1431.713252	1432.426509	7
1432.679815	1433.859689	3
1433.859689	1434.073000	13
1434.073000	1435.699492	3
1435.952798	1436.679387	3
1437.205997	1437.779269	3
1438.065905	1439.245779	3
1439.245779	1439.485753	13
1439.599074	1440.918933	3
1440.978926	1444.718525	7
1444.718525	1444.998495	13
1444.998495	1446.878294	7
1446.904958	1447.311581	7
1447.364909	1448.264812	7
1448.498120	1449.837977	3
1449.837977	1450.137945	13
1450.171275	1453.357600	3
1453.357600	1453.644236	13
1453.684231	1455.350720	3
1455.397381	1455.790672	13
1455.837334	1456.063976	3
1456.110638	1456.290619	7
1456.590587	1457.210520	7
1457.343839	1457.590480	3
1458.277073	1460.003554	3
1460.003554	1460.470171	13
1460.563494	1462.669935	3
1463.149884	1465.029682	3
1465.216329	1466.529522	7
1466.736166	1467.636070	3
1468.102686	1470.702408	3
1470.895720	1471.428997	7
1471.622309	1473.248802	7
1473.248802	1473.482110	13
1473.555435	1474.188701	7
1474.468671	1475.795195	3
1476.208485	1477.235041	7
1477.295035	1478.508238	7
1478.661555	1479.441471	3
1479.634784	1492.560066	1
1479.821431	1480.508024	3
1480.274715	1485.427497	10
1480.714668	1480.907981	3
1480.961309	1481.447923	13
